PDE  1999 01 01 00 00 00.00  5000 2000 -1000 1.4 1.4 test
event name:       point_source_0
time shift:       0.0
half duration:    0.5
latorUTM:         532000.0
longorUTM:        476500.0
depth:            -401.92378864668353
Mrr:              -9.716965e+19
Mtt:              0.000000e+00
Mpp:              9.716965e+19
Mrt:              -2.423846e+12
Mrp:              5.610091e+19
Mtp:              4.198225e+12
